0
H:12,15,15,16,16,16,16,16,16,16,16,16,16,16,16,16
W:13,15,15,15,16,16,16,16,16,16,16,16,16,16,16,16
1
H:16,16,16,16,16,16,16,16,16,16,16,16,16,16,16,16
W:16,16,16,16,16,16,16,16,16,16,16,16,16,16,16,16
2
H:16,16,16,16,16,16,16,16,16,16,16,16,16,16,16,16
W:16,16,16,16,16,16,16,16,16,16,16,16,16,16,16,16
3
H:1,1,2,2,2,3,3,3,4,4,4,4,4,4,4,4
W:0,0,0,0,0,0,0,0,0,0,0,0,8,11,14,16
4
H:4,5,6,6,6,6,6,6,6,7,7,7,7,8,8,8
W:0,0,0,0,0,0,0,0,3,7,14,15,16,16,16,16
5
H:9,9,9,10,11,11,12,12,12,13,13,14,15,15,16,16
W:2,4,5,7,10,12,13,16,16,16,16,16,16,16,16,16
6
H:9,10,10,10,10,11,11,11,11,11,12,12,12,13,13,13
W:0,0,0,3,6,11,15,16,16,16,16,16,16,16,16,16
7
H:14,14,14,15,15,15,15,15,16,16,16,16,16,16,16,16
W:8,13,16,16,16,16,16,16,16,16,16,16,16,16,16,16
8
H:0,0,0,0,0,0,0,0,0,0,0,0,0,1,1,2
W:0,0,0,0,0,0,0,0,0,0,0,0,0,0,1,3
9
H:3,4,4,5,6,6,7,7,8,8,9,9,10,10,11,11
W:0,0,0,0,0,2,4,6,8,10,12,13,15,16,16,16
10
H:12,12,12,12,13,13,13,13,13,13,13,14,14,14,14,14
W:0,0,5,12,16,16,16,16,16,16,16,16,16,16,16,16
11
H:14,14,15,15,15,15,15,15,15,15,15,15,15,15,15,15
W:0,14,16,16,16,16,16,16,16,16,16,16,16,16,16,16
12
H:16,16,16,16,16,16,16,16,16,16,16,16,16,16,16,16
W:16,16,16,16,16,16,16,16,16,16,16,16,16,16,16,16
13
H:16,16,16,16,16,16,16,16,16,16,16,16,16,16,16,16
W:16,16,16,16,16,16,16,16,16,16,16,16,16,16,16,16
14
H:16,16,16,16,16,16,16,16,16,16,16,16,16,16,16,16
W:16,16,16,16,16,16,16,16,16,16,16,16,16,16,16,16
15
H:16,16,16,16,16,16,16,16,16,16,16,16,16,16,16,16
W:16,16,16,16,16,16,16,16,16,16,16,16,16,16,16,16
16
H:16,16,16,16,16,16,16,16,16,16,16,16,16,16,16,16
W:16,16,16,16,16,16,16,16,16,16,16,16,16,16,16,16
17
H:15,16,16,16,16,16,16,16,16,16,16,16,16,16,16,16
W:15,16,16,16,16,16,16,16,16,16,16,16,16,16,16,16
18
H:0,0,0,1,1,1,1,1,1,2,2,2,2,2,3,4
W:0,0,0,0,0,0,0,0,0,0,0,0,1,2,7,13
19
H:5,6,7,7,7,7,7,7,7,7,7,8,8,8,8,8
W:0,0,0,0,0,0,0,0,5,14,15,16,16,16,16,16
20
H:8,9,9,9,9,9,10,10,10,10,11,11,11,12,12,13
W:0,0,0,1,3,6,10,15,16,16,16,16,16,16,16,16
21
H:13,14,14,15,15,15,16,16,16,16,16,16,16,16,16,16
W:10,13,15,16,16,16,16,16,16,16,16,16,16,16,16,16
22
H:0,0,0,0,0,0,0,0,1,1,2,2,3,3,4,4
W:0,0,0,0,0,0,0,0,0,0,0,0,2,4,6,8
23
H:5,5,6,6,7,7,8,8,9,9,9,10,10,11,11,11
W:0,0,0,0,0,3,5,8,10,12,14,16,16,16,16,16
24
H:12,12,12,13,13,13,13,14,14,14,14,14,15,15,15,15
W:0,4,9,13,16,16,16,16,16,16,16,16,16,16,16,16
25
H:1,1,2,2,3,3,4,5,6,7,8,9,11,13,15,16
W:1,2,2,3,3,4,4,5,6,7,8,9,10,12,14,16
26
H:1,2,3,4,5,6,7,8,9,9,10,11,12,12,13,13
W:0,0,0,2,4,5,6,8,9,10,11,12,13,14,15,16
27
H:1,2,3,4,5,6,7,8,9,10,11,13,14,15,16,16
W:2,3,4,5,5,6,7,8,9,10,11,12,13,14,15,16
28
H:16,16,16,16,16,16,16,16,16,16,16,16,16,16,16,16
W:16,16,16,16,16,16,16,16,16,16,16,16,16,16,16,16
29
H:16,16,16,16,16,16,16,16,16,16,16,16,16,16,16,16
W:16,16,16,16,16,16,16,16,16,16,16,16,16,16,16,16
30
H:16,16,16,16,16,16,16,16,16,16,16,16,16,16,16,16
W:16,16,16,16,16,16,16,16,16,16,16,16,16,16,16,16
31
H:16,16,16,16,16,16,16,16,16,16,16,16,16,16,16,16
W:16,16,16,16,16,16,16,16,16,16,16,16,16,16,16,16
32
H:1,1,1,1,1,1,1,2,2,2,2,3,3,3,4,4
W:0,0,0,0,0,0,0,0,0,0,0,0,2,5,9,16
33
H:5,5,5,5,6,6,6,6,7,7,7,7,8,8,8,8
W:0,0,0,0,0,0,0,0,4,8,12,16,16,16,16,16
34
H:0,0,0,0,0,0,0,0,1,1,1,1,1,1,1,1
W:0,0,0,0,0,0,0,0,0,0,0,0,0,0,0,8
35
H:2,2,2,2,3,3,3,4,5,5,5,6,7,7,8,9
W:0,0,0,0,0,0,0,1,2,4,5,8,9,12,16,16
36
H:10,11,11,12,12,13,14,15,15,16,16,16,16,16,16,16
W:7,9,10,11,13,15,16,16,16,16,16,16,16,16,16,16
37
H:16,16,16,16,16,16,16,16,16,16,16,16,16,16,16,16
W:16,16,16,16,16,16,16,16,16,16,16,16,16,16,16,16
38
H:0,0,0,0,0,0,0,0,0,0,0,1,1,2,3,4
W:0,0,0,0,0,0,0,0,0,0,0,0,1,2,3,5
39
H:5,6,7,8,9,10,11,12,13,14,14,15,16,16,16,16
W:4,5,7,8,9,10,11,12,13,14,15,16,16,16,16,16
40
H:16,16,16,16,16,16,16,16,16,16,16,16,16,16,16,16
W:16,16,16,16,16,16,16,16,16,16,16,16,16,16,16,16
41
H:1,1,1,1,1,1,1,2,2,3,3,3,3,4,4,4
W:0,0,0,0,0,0,0,0,0,0,0,0,3,7,9,16
42
H:5,5,5,6,7,7,8,8,9,10,10,11,12,14,15,16
W:1,2,3,3,4,5,7,8,10,12,13,16,16,16,16,16
43
H:2,4,6,8,10,13,15,16,16,16,16,16,16,16,16,16
W:9,10,10,11,11,11,12,12,13,13,14,14,15,15,16,16
44
H:0,0,0,0,0,0,0,4,16,16,16,16,16,16,16,16
W:8,8,8,8,8,8,8,8,8,8,8,8,9,9,9,9
45
H:1,2,3,4,4,4,5,6,7,7,8,9,10,10,11,12
W:0,0,0,0,1,2,4,5,6,8,9,10,13,14,15,16
46
H:13,13,14,15,15,16,16,16,16,16,16,16,16,16,16,16
W:11,13,14,16,16,16,16,16,16,16,16,16,16,16,16,16
47
H:0,0,0,0,0,0,1,1,2,3,4,4,5,5,6,7
W:0,0,0,0,0,0,0,0,0,1,2,4,6,7,8,10
48
H:8,8,9,9,10,10,11,11,12,13,13,14,14,15,15,16
W:1,3,5,7,8,10,12,14,16,16,16,16,16,16,16,16
49
H:1,2,3,3,4,5,5,6,7,8,8,9,9,10,10,11
W:0,0,0,0,0,1,3,5,7,8,9,11,12,14,15,16
50
H:11,11,11,11,11,11,11,11,12,12,12,12,13,13,14,14
W:0,0,2,4,8,16,16,16,16,16,16,16,16,16,16,16
51
H:15,16,16,16,16,16,16,16,16,16,16,16,16,16,16,16
W:15,16,16,16,16,16,16,16,16,16,16,16,16,16,16,16
52
H:0,0,0,1,2,2,3,4,5,6,7,7,8,9,10,12
W:0,0,0,0,1,1,2,3,4,6,7,8,9,10,12,13
53
H:13,13,13,14,14,14,14,14,15,15,15,15,16,16,16,16
W:4,8,13,16,16,16,16,16,16,16,16,16,16,16,16,16
54
H:0,0,0,0,0,0,0,0,0,0,0,1,1,1,2,2
W:0,0,0,0,0,0,0,0,0,0,0,0,0,0,2,5
55
H:2,2,2,2,3,3,3,3,4,4,4,4,4,4,5,5
W:0,0,0,0,0,0,0,0,0,0,0,2,8,12,16,16
56
H:5,5,5,5,5,5,5,6,6,6,6,7,7,7,7,8
W:0,0,0,0,0,0,0,0,1,5,9,16,16,16,16,16
57
H:8,8,8,8,8,8,9,9,9,9,9,10,10,10,10,10
W:0,0,0,0,0,0,5,10,16,16,16,16,16,16,16,16
58
H:10,11,11,11,11,12,13,13,13,13,14,14,14,14,15,15
W:0,2,6,10,11,15,16,16,16,16,16,16,16,16,16,16
59
H:10,10,16,16,16,16,16,16,16,16,16,16,16,16,16,16
W:14,14,14,14,14,14,16,16,16,16,16,16,16,16,16,16
60
H:0,0,2,9,9,12,12,16,16,16,16,16,16,16,16,16
W:9,9,9,9,11,11,11,13,13,13,13,13,13,13,14,14
61
H:0,0,0,0,0,0,0,1,5,5,8,8,10,13,13,15
W:0,1,1,3,3,3,4,4,6,6,6,8,8,8,8,9
62
H:15,16,16,16,16,16,16,16,16,16,16,16,16,16,16,16
W:15,16,16,16,16,16,16,16,16,16,16,16,16,16,16,16
63
H:0,0,4,4,5,5,7,9,9,10,10,12,14,14,14,14
W:0,0,4,4,5,5,7,9,9,10,10,12,14,14,14,14
64
H:15,16,16,16,16,16,16,16,16,16,16,16,16,16,16,16
W:15,16,16,16,16,16,16,16,16,16,16,16,16,16,16,16
65
H:0,1,1,3,3,3,4,4,6,6,6,8,8,8,8,9
W:0,0,0,0,0,0,0,1,5,5,8,8,10,13,13,15
66
H:9,9,9,9,11,11,11,13,13,13,13,13,13,13,14,14
W:0,0,2,9,9,12,12,16,16,16,16,16,16,16,16,16
67
H:14,14,14,14,14,14,16,16,16,16,16,16,16,16,16,16
W:10,10,16,16,16,16,16,16,16,16,16,16,16,16,16,16
68
H:1,1,1,1,1,1,2,2,2,2,2,3,3,3,3,4
W:0,0,0,0,0,0,0,0,0,0,0,0,1,5,10,16
69
H:4,5,5,5,6,6,7,7,8,9,9,10,11,12,12,13
W:0,0,0,1,3,4,5,7,8,10,12,15,16,16,16,16
70
H:14,15,16,16,16,16,16,16,16,16,16,16,16,16,16,16
W:14,15,16,16,16,16,16,16,16,16,16,16,16,16,16,16
71
H:0,0,0,1,3,4,5,7,8,10,12,15,16,16,16,16
W:4,5,5,5,6,6,7,7,8,9,9,10,11,12,12,13
72
H:0,0,0,0,0,0,0,0,0,0,0,0,1,5,10,16
W:1,1,1,1,1,1,2,2,2,2,2,3,3,3,3,4
73
H:16,16,16,16,16,16,16,16,16,16,16,16,16,16,16,16
W:16,16,16,16,16,16,16,16,16,16,16,16,16,16,16,16
74
H:16,16,16,16,16,16,16,16,16,16,16,16,16,16,16,16
W:16,16,16,16,16,16,16,16,16,16,16,16,16,16,16,16
75
H:10,10,16,16,16,16,16,16,16,16,16,16,16,16,16,16
W:14,14,14,14,14,14,16,16,16,16,16,16,16,16,16,16
76
H:0,0,2,9,9,12,12,16,16,16,16,16,16,16,16,16
W:9,9,9,9,11,11,11,13,13,13,13,13,13,13,14,14
77
H:15,16,16,16,16,16,16,16,16,16,16,16,16,16,16,16
W:15,16,16,16,16,16,16,16,16,16,16,16,16,16,16,16
78
H:0,0,4,4,5,5,7,9,9,10,10,12,14,14,14,14
W:0,0,4,4,5,5,7,9,9,10,10,12,14,14,14,14
79
H:15,16,16,16,16,16,16,16,16,16,16,16,16,16,16,16
W:15,16,16,16,16,16,16,16,16,16,16,16,16,16,16,16
80
H:9,9,9,9,11,11,11,13,13,13,13,13,13,13,14,14
W:0,0,2,9,9,12,12,16,16,16,16,16,16,16,16,16
81
H:14,14,14,14,14,14,16,16,16,16,16,16,16,16,16,16
W:10,10,16,16,16,16,16,16,16,16,16,16,16,16,16,16
82
H:1,1,1,1,1,1,2,2,2,2,2,3,3,3,3,4
W:0,0,0,0,0,0,0,0,0,0,0,0,1,5,10,16
83
H:4,5,5,5,6,6,7,7,8,9,9,10,11,12,12,13
W:0,0,0,1,3,4,5,7,8,10,12,15,16,16,16,16
84
H:14,15,16,16,16,16,16,16,16,16,16,16,16,16,16,16
W:14,15,16,16,16,16,16,16,16,16,16,16,16,16,16,16
85
H:0,0,0,1,3,4,5,7,8,10,12,15,16,16,16,16
W:4,5,5,5,6,6,7,7,8,9,9,10,11,12,12,13
86
H:0,0,0,0,0,0,0,0,0,0,0,0,1,5,10,16
W:1,1,1,1,1,1,2,2,2,2,2,3,3,3,3,4
87
H:16,16,16,16,16,16,16,16,16,16,16,16,16,16,16,16
W:16,16,16,16,16,16,16,16,16,16,16,16,16,16,16,16
